1078 6
1287 6
1445 6
119 12
543 12
553 12
866 12
1113 12
1119 12
1120 12
1183 12
1221 12
1233 12
1239 12
1262 12
1273 12
1312 12
1334 12
1389 12
1435 12
1517 12
1526 12
16 12
21 12
27 12
33 12
44 12
53 12
121 12
137 12
145 12
177 12
206 12
209 12
333 12
334 12
361 12
379 12
456 12
498 12
517 12
527 12
548 12
559 12
563 12
564 12
583 12
593 12
602 12
629 12
820 12
830 12
839 12
850 12
874 12
973 12
1044 12
1049 12
1053 12
1061 12
1062 12
1064 12
1072 12
1074 12
1077 12
1094 12
1122 12
1144 12
1151 12
1152 12
1158 12
1164 12
1166 12
1171 12
1176 12
1179 12
1188 12
1191 12
1192 12
1200 12
1210 12
1223 12
1229 12
1234 12
1241 12
1242 12
1247 12
1251 12
1253 12
1265 12
1267 12
1272 12
1275 12
1276 12
1279 12
1280 12
1283 12
1289 12
1300 12
1301 12
1322 12
1329 12
1333 12
1343 12
1345 12
1347 12
1357 12
1360 12
1374 12
1397 12
1401 12
1403 12
1414 12
1417 12
1456 12
1488 12
1490 12
1500 12
214 16
535 16
572 16
617 16
779 16
863 16
939 16
989 16
1030 16
1125 16
1175 16
1207 16
1232 16
1298 16
1318 16
1337 16
1388 16
1436 16
1458 16
250 15
252 15
258 15
349 15
370 15
372 15
414 15
441 15
461 15
521 15
525 15
534 15
554 15
555 15
561 15
567 15
573 15
591 15
608 15
610 15
619 15
833 15
856 15
882 15
923 15
928 15
929 15
938 15
941 15
949 15
983 15
987 15
1000 15
1001 15
1009 15
1010 15
1013 15
1019 15
1034 15
1056 15
1066 15
1108 15
1112 15
1121 15
1128 15
1132 15
1198 15
1211 15
1245 15
1249 15
1254 15
1257 15
1281 15
1353 15
1365 15
1413 15
1416 15
1509 15
19 18
34 18
43 18
93 18
116 18
128 18
134 18
154 18
191 18
199 18
204 18
239 18
242 18
243 18
244 18
316 18
332 18
335 18
360 18
377 18
380 18
424 18
442 18
470 18
486 18
487 18
499 18
501 18
502 18
514 18
519 18
522 18
526 18
532 18
545 18
546 18
565 18
568 18
569 18
571 18
574 18
577 18
586 18
590 18
595 18
596 18
597 18
598 18
601 18
637 18
672 18
686 18
723 18
748 18
756 18
763 18
783 18
798 18
799 18
822 18
823 18
828 18
832 18
836 18
846 18
876 18
878 18
884 18
891 18
892 18
900 18
908 18
912 18
916 18
920 18
921 18
940 18
947 18
969 18
974 18
985 18
992 18
993 18
1011 18
1022 18
1029 18
1033 18
1045 18
1047 18
1051 18
1055 18
1080 18
1083 18
1087 18
1096 18
1102 18
1114 18
1116 18
1124 18
1138 18
1156 18
1159 18
1165 18
1202 18
1285 18
1292 18
1308 18
1309 18
1320 18
1330 18
1344 18
1363 18
1369 18
1372 18
1383 18
1447 18
1507 18
1514 18
1522 18
74 21
77 21
94 21
107 21
135 21
217 21
232 21
245 21
310 21
325 21
343 21
364 21
368 21
371 21
381 21
382 21
388 21
407 21
420 21
440 21
445 21
450 21
484 21
490 21
494 21
509 21
512 21
516 21
530 21
533 21
536 21
537 21
557 21
581 21
588 21
599 21
604 21
614 21
618 21
624 21
638 21
671 21
675 21
680 21
688 21
705 21
707 21
725 21
729 21
731 21
736 21
737 21
739 21
745 21
751 21
758 21
761 21
764 21
771 21
772 21
773 21
776 21
785 21
796 21
803 21
806 21
807 21
812 21
815 21
829 21
868 21
896 21
898 21
899 21
901 21
902 21
905 21
909 21
914 21
915 21
918 21
919 21
922 21
927 21
933 21
942 21
944 21
950 21
953 21
955 21
961 21
971 21
976 21
979 21
991 21
996 21
1002 21
1008 21
1012 21
1016 21
1018 21
1021 21
1023 21
1024 21
1031 21
1038 21
1067 21
1069 21
1076 21
1092 21
1098 21
1103 21
1110 21
1129 21
1131 21
1150 21
1155 21
1163 21
1168 21
1182 21
1193 21
1201 21
1236 21
1269 21
1311 21
1319 21
1331 21
1341 21
1358 21
1362 21
1364 21
1438 21
1446 21
18 24
35 24
66 24
84 24
85 24
102 24
103 24
108 24
127 24
144 24
159 24
161 24
178 24
180 24
185 24
187 24
210 24
212 24
216 24
228 24
229 24
233 24
248 24
249 24
257 24
261 24
272 24
311 24
315 24
323 24
346 24
347 24
383 24
393 24
394 24
397 24
399 24
403 24
408 24
409 24
416 24
417 24
419 24
422 24
425 24
449 24
466 24
468 24
480 24
481 24
488 24
493 24
510 24
511 24
520 24
524 24
529 24
541 24
542 24
551 24
552 24
558 24
560 24
578 24
580 24
589 24
594 24
603 24
605 24
607 24
609 24
615 24
628 24
631 24
632 24
643 24
650 24
654 24
655 24
662 24
665 24
669 24
670 24
682 24
685 24
696 24
701 24
702 24
706 24
708 24
714 24
715 24
717 24
718 24
719 24
734 24
740 24
741 24
743 24
753 24
754 24
755 24
775 24
781 24
782 24
793 24
805 24
808 24
809 24
810 24
813 24
816 24
817 24
824 24
826 24
827 24
859 24
861 24
881 24
885 24
889 24
890 24
894 24
897 24
903 24
906 24
907 24
910 24
925 24
930 24
932 24
934 24
937 24
945 24
946 24
948 24
952 24
958 24
959 24
965 24
967 24
970 24
972 24
982 24
988 24
994 24
995 24
997 24
1003 24
1025 24
1028 24
1035 24
1037 24
1039 24
1048 24
1050 24
1052 24
1063 24
1065 24
1070 24
1075 24
1088 24
1091 24
1099 24
1105 24
1111 24
1117 24
1118 24
1127 24
1130 24
1133 24
1139 24
1141 24
1154 24
1157 24
1160 24
1167 24
1174 24
1214 24
1235 24
1238 24
1258 24
1350 24
1368 24
20 27
23 27
26 27
36 27
45 27
52 27
59 27
61 27
65 27
67 27
70 27
79 27
88 27
100 27
104 27
109 27
110 27
113 27
132 27
136 27
142 27
143 27
153 27
158 27
164 27
165 27
171 27
175 27
179 27
182 27
186 27
190 27
202 27
207 27
218 27
220 27
221 27
222 27
223 27
240 27
255 27
256 27
265 27
276 27
277 27
282 27
285 27
287 27
289 27
294 27
298 27
299 27
300 27
301 27
302 27
303 27
304 27
305 27
312 27
317 27
319 27
320 27
321 27
329 27
336 27
339 27
341 27
342 27
344 27
353 27
358 27
365 27
367 27
369 27
374 27
378 27
384 27
387 27
389 27
390 27
418 27
426 27
428 27
429 27
432 27
435 27
443 27
444 27
447 27
452 27
460 27
467 27
469 27
479 27
485 27
491 27
492 27
495 27
496 27
497 27
505 27
506 27
513 27
515 27
518 27
538 27
544 27
606 27
613 27
616 27
622 27
623 27
626 27
627 27
635 27
640 27
644 27
646 27
648 27
649 27
652 27
658 27
659 27
660 27
663 27
664 27
668 27
673 27
676 27
679 27
681 27
687 27
693 27
695 27
697 27
698 27
700 27
724 27
726 27
730 27
735 27
738 27
744 27
759 27
765 27
766 27
767 27
769 27
774 27
780 27
786 27
790 27
794 27
801 27
804 27
811 27
814 27
819 27
837 27
838 27
843 27
844 27
845 27
847 27
848 27
852 27
853 27
854 27
860 27
869 27
875 27
886 27
888 27
911 27
917 27
924 27
926 27
931 27
935 27
951 27
957 27
968 27
977 27
978 27
980 27
984 27
998 27
999 27
1006 27
1014 27
1015 27
1017 27
1026 27
1027 27
1032 27
1036 27
1040 27
1043 27
1046 27
1060 27
1082 27
1106 27
1126 27
1147 27
1172 27
1184 27
1204 27
1264 27
1271 27
1302 27
1321 27
1323 27
1332 27
1338 27
1340 27
1349 27
1354 27
1428 27
1506 27
1508 27
22 30
24 30
29 30
32 30
40 30
46 30
57 30
62 30
68 30
73 30
76 30
78 30
83 30
86 30
87 30
89 30
95 30
97 30
106 30
114 30
123 30
125 30
126 30
150 30
152 30
157 30
160 30
166 30
167 30
172 30
173 30
197 30
208 30
211 30
213 30
230 30
246 30
253 30
254 30
263 30
266 30
267 30
271 30
275 30
279 30
283 30
284 30
290 30
292 30
295 30
296 30
307 30
313 30
314 30
322 30
324 30
326 30
327 30
330 30
331 30
340 30
345 30
350 30
351 30
352 30
355 30
357 30
363 30
375 30
391 30
396 30
398 30
405 30
406 30
410 30
411 30
415 30
430 30
431 30
434 30
438 30
439 30
451 30
462 30
464 30
465 30
472 30
474 30
475 30
476 30
478 30
482 30
500 30
504 30
508 30
528 30
531 30
540 30
575 30
585 30
587 30
612 30
621 30
625 30
633 30
634 30
636 30
639 30
642 30
645 30
647 30
661 30
666 30
667 30
674 30
690 30
694 30
704 30
710 30
716 30
720 30
722 30
728 30
733 30
742 30
746 30
747 30
749 30
752 30
757 30
760 30
762 30
768 30
777 30
778 30
788 30
789 30
795 30
797 30
802 30
825 30
842 30
862 30
865 30
871 30
887 30
893 30
936 30
943 30
954 30
956 30
962 30
966 30
990 30
1004 30
1007 30
1020 30
1041 30
1073 30
1090 30
1093 30
1095 30
1097 30
1100 30
1101 30
1115 30
1173 30
1246 30
1346 30
1351 30
1355 30
1356 30
1359 30
1371 30
1426 30
1505 30
28 33
41 33
42 33
48 33
49 33
51 33
60 33
63 33
69 33
75 33
80 33
81 33
92 33
98 33
99 33
101 33
111 33
117 33
118 33
133 33
141 33
151 33
168 33
174 33
181 33
195 33
196 33
227 33
234 33
238 33
247 33
251 33
262 33
268 33
269 33
270 33
273 33
278 33
280 33
281 33
286 33
291 33
293 33
297 33
306 33
308 33
309 33
318 33
328 33
337 33
338 33
354 33
356 33
359 33
366 33
373 33
376 33
392 33
395 33
400 33
401 33
402 33
404 33
412 33
421 33
423 33
427 33
433 33
436 33
437 33
446 33
448 33
473 33
477 33
489 33
503 33
507 33
539 33
550 33
566 33
584 33
630 33
641 33
651 33
657 33
677 33
678 33
683 33
691 33
703 33
709 33
711 33
713 33
721 33
727 33
770 33
784 33
787 33
792 33
800 33
834 33
835 33
864 33
872 33
895 33
913 33
960 33
963 33
964 33
975 33
986 33
1042 33
1057 33
1089 33
1146 33
1180 33
1189 33
1190 33
1212 33
1367 33
1370 33
1448 33
1504 33
1510 33
1511 33
5 36
17 36
25 36
30 36
31 36
37 36
38 36
39 36
47 36
50 36
56 36
58 36
71 36
72 36
82 36
90 36
91 36
96 36
105 36
112 36
115 36
124 36
188 36
189 36
198 36
201 36
215 36
219 36
224 36
225 36
226 36
231 36
235 36
236 36
237 36
241 36
259 36
260 36
264 36
274 36
288 36
348 36
385 36
386 36
413 36
463 36
471 36
483 36
547 36
576 36
579 36
611 36
653 36
656 36
684 36
689 36
692 36
699 36
712 36
732 36
750 36
791 36
851 36
857 36
879 36
904 36
1005 36
1079 36
1086 36
1181 36
1437 36
1512 36

